22823331
10581157
96292827
77533314
42786727
14498793
42258145
23267634
82522369
48566520
70693361
93374281
94384365
21545061
42503678
50156265
15462958
70996449
32473148
18332991
68316496
38952261
27531319
56844136
91369062
17150994
56046461
79060001
30201336
85419001
55825893
82737683
94130890
75260654
69170793
78756371
52967120
44836265
73076088
75479432
55026275
50893780
60938920
61956782
79860090
40094893
36894446
81354453
89270154
48247643
49349689
72697461
61421770
36140742
37597748
75165534
37246502
70121772
35202348
37028508
97631241
91945458
42634123
99373755
94861007
79562589
81428060
74723398
76066430
44190181
91550954
13158110
32053260
85369933
84808069
35207168
78983873
39792522
23672812
47602164
80925954
81361562
77298007
41993353
90587727
94690453
11172115
13469702
68268223
29247393
33580819
26408359
37865775
96927905
20861250
29459672
37864240
49071230
12666502
74090538
47771767
20504983
76968835
99472285
88192597
25289303
30438796
10789926
33491778
53443333
78329757
51757631
81261660
52065085
29922007
35186067
35387675
54675943
51496821
93001687
25324265
30637689
43005266
10691391
50914485
87168468
75880590
50794753
56654696
35983353
57426620
67558319
14748136
27337418
21046753
76337451
49257974
59401394
75756101
98070546
84405574
50141871
97468238
96059222
61107626
55083559
53532112
49401736
87788169
91672007
39691602
36798502
36198027
27264075
36250732
33453639
68777049
92835745
31578557
64983424
37719956
36916077
17629368
19263615
64073918
94692855
74055034
79694705
26521060
34354194
65711874
24525176
27628209
46865911
89137150
61511460
68259979
10158806
91197749
60649526
49301590
83472293
54790237
15044084
92178632
42239085
95763201
73323446
67758767
33217884
70985436
63467591
61933361
92070359
19108104
39424909
33141286
93687181
97226266
94314778
81526655
30908954
90506922
90584913
38853127
64063856
94188510
32984644
67090544
61671282
66856961
28601933
50722726
47179146
80094783
23719255
72653116
53039942
59483895
25174959
74543850
14991335
53691343
37482214
84904599
56281658
75145331
22234420
45554070
24215321
32140059
29719098
15269293
62102525
54657116
24936814
27473805
31738111
91044931
22302627
20839355
30730367
19112042
78893887
34993637
47238106
49789129
63887444
70856452
62274264
32013904
62356650
30489560
86838952
70965146
44725335
20709287
55944547
96225717
92710482
29766731
74239216
19150977
62948724
75961975
44003222
47285581
85917190
53735153
49776813
45202410
16831732
67049265
76162104
15854200
20938288
32263243
32059875
14192844
36337097
79367662
82634514
46716196
41786748
58569504
60696066
98803911
27256528
26832021
23626466
78560839
29732237
57766636
83248370
51044450
72995750
25426496
11684963
28552117
31012317
40552220
88539234
88074352
48885861
42091441
32216020
27586625
85023446
40581652
42007422
45462306
57309872
89572042
92051855
43158548
79872243
42919992
27486435
46955475
70948765
25783313
78907643
92539845
71728502
57382496
98796085
68364239
52101115
85100767
38863883
92548935
77943384
12031842
38387063
84282170
58812115
19256022
59873756
19784475
99763207
99821372
96152572
67743882
35707804
19232171
77929505
92508040
98021086
75154415
29788083
13180275
15243302
37140044
18664662
11739908
83012223
15413690
86460934
84674711
44934264
68600134
84468975
90630390
38672656
98930211
63785140
38499515
71629934
48234017
12446967
18923897
24856466
73427947
87840042
84071831
10100957
90432903
36795526
76935168
60565125
96272444
73805715
38007892
68443313
58025856
60746803
81592952
86098238
84375262
40261803
47968965
68782934
87069291
35440802
74573995
25804402
47051783
61506632
90433035
22280617
19151743
39074035
38621086
76263256
80167267
93387548
70079432
89192821
35220035
60857581
57777042
35257071
11862110
13143572
95913107
47047058
50567246
22524381
93758560
98674979
76393957
43690684
30606883
18826726
83719508
61911354
93658374
37308044
63990515
88187809
96629921
50241543
38516951
52327437
61302698
18479718
68812994
36794411
78299937
51601302
15330354
99309257
74585878
25166110
62363859
75190418
24303163
94110083
65148185
32876783
44035985
59519898
36595077
49780197
16296314
67768746
46417988
38857732
11129563
51173228
16694371
28328703
66814098
14975174
78890030
27394548
89338733
21613173
18964433
12295922
45498304
47343987
80247169
25939323
17067227
56767422
42385796
36481468
39150694
58974014
77259114
69590003
82791902
42016333
38277883
52591871
33345250
43389959
78475647
93785350
58858543
61434501
80638452
60142136
14211518
93743343
32767068
37273903
14135132
95569517
51094897
65624612
25296347
41581479
65721237
60433320
59356511
20148655
66271059
89932472
91973756
73539104
83537818
86909048
81248419
56639813
16704321
71707406
37966502
85111999
95997477
13614812
40689840
73902289
35457014
45867751
44937161
71595575
61584324
43581112
31862493
59956473
63149705
70422444
61337155
24451830
55671717
54413495
83677926
76407901
43845503
29991256
43352193
46308893
91410493
10437939
32085010
48974689
37532709
96713660
90861625
40285492
38706254
62315586
72674867
76426127
96545184
72358059
99818671
29675862
24584727
65431430
91454546
83601153
83704566
94420063
86623715
23331285
43178844
96580350
83761207
64645103
21105125
51968822
42807522
52336570
85131784
31368357
99986136
97880175
39463823
38387706
86729569
20666387
60020055
76839802
25878314
47440568
56288396
72960526
30858463
12256882
99874645
99907293
49714430
92602582
38407581
29828056
93755474
26485360
26249879
83975186
79024618
86501155
69557688
20118729
96994709
44963069
55098886
81953003
35015124
39740310
47305638
18971466
13110261
28219142
20604366
83230056
75546404
36097635
20324692
39025783
33873188
34664875
81178892
52005998
73462797
56438406
97696820
12640648
37539921
51180681
11603977
79264851
84669396
83952750
67137216
89349751
11782299
60413769
84090158
62392542
17193444
37243513
39657791
80001574
44813226
30712782
54053808
25522612
32697212
33542112
74342331
35669345
73257028
58353251
14902839
41064288
10988549
74839026
93414582
57908901
63778660
14536114
78172754
73092134
34428491
36353135
31446539
24437372
82991657
20383395
79535027
34392404
85239035
67637052
16360599
95323635
77833337
64713182
12858842
16902279
48890390
59146864
10093399
62777361
98828154
27219026
99339369
97285413
61735454
79432905
76654416
56027428
47945732
37082523
28852908
64313458
97422064
46845656
17280797
76135390
60565613
49750129
98113332
50076938
31180043
24956189
67442076
11302660
14674388
67708966
39598395
48838068
52062140
91506813
32496089
44821370
57272371
81235734
19949207
41469399
35548434
54823696
96345678
82236671
49132295
91203236
34766170
32287965
64208315
90593858
35195760
56587292
65708036
74837728
88490174
40624816
56484847
29561959
97998542
35391373
88557909
22828835
92005448
47968666
13277350
24424795
98016192
72357695
96887797
10155785
86468715
45425024
95771802
44391372
26719104
12758725
16858072
44585154
20186929
11412510
96967155
47879765
27914387
96808486
17603523
58534416
42557823
30645201
18433107
26542530
80099322
27203373
20415206
74009357
51314914
17999061
15400921
51377805
24323700
45167739
76536910
64751904
29992945
32195347
98441321
71549975
51325780
79367315
11667876
14006640
70444590
35718138
69816269
49207422
51068788
13827319
15399898
60376191
94558092
55852973
73277439
37688439
98047874
51942069
15786199
31858259
84208884
76817127
88754858
18078270
18119861
89625994
89721925
92669528
39939014
21629563
64403964
89922389
36484003
24867727
62461400
78870343
35404725
78088499
85351436
33508231
88080559
15953367
49368038
91696341
26689929
66256872
45810170
23153383
43285958
31842327
51932367
31940532
65707058
60348551
11930537
37102182
56240014
36480753
66000038
54520428
95019124
53429007
96001328
80087397
80894359
51152645
26428139
67197338
73611339
26341889
35647433
26245989
58019883
44086015
28722435
25835081
20346321
22123297
47765755
67967467
13238181
51589128
28745985
95938926
71290775
72529624
59207674
34521757
58528953
65043184
74772060
73568203
10887138
51378930
44587003
93274439
15019006
10910150
55452262
94229210
96515867
11112262
77945186
24968909
61794297
81711537
69794120
69884815
76646396
23265058
81518388
59335673
57039158
43004036
53079758
27143016
61355494
88153705
89238056
49581043
86028693
93445920
37464976
12331326
98527150
70174976
67807035
69855520
54143014
21969113
33320292
97407390
44472515
48035880
82657017
24553218
94458314
19924684
79874903
12795428
45780623
65947433
68710040
33529622
66830113
66549989
59574758
58865518
75281387
33473711
20502436
47667060
75632053
69869301
51810804
56095250
47604333
78738699
54839754
80003085
57449456
11375225
46988887
18760452
28445707
66720287
35868646
11013564
36427864
42869898
25479619
27037503
98245072
78974018
14191006
21401430
27943799
89111818
59965550
59962163
58208117
25717477
46821438
60559096
70598900
20024953
76988524
70401165
78792298
41421808
43305596
79170411
14933882
51025250
86706120
77168498
11526832
40636124
79169803
32939957
68009747
57419252
41463233
67381724
82441934
29714662
82669689
10694538
76147126
55866423
23941871
44402801
43341320
19390412
13799851
85246918
89132576
29422132
28545898
80057232
74992112
49923768
14762874
37926849
51330558
40704492
25008498
92427726
59223293
74164432
53550459
18097882
23870817
71192741
52174763
15209079
60125490
71169404
76733651
72556251
34779616
99902111
96022298
47270085
36937154
74664561
78459411
16263244
57911309
75736013
87296870
31935950
89920492
87421014
97854033
28165116
49482742
10482567
18166420
45026709
43091931
80275708
35896670
26172749
74567410
95814534
68094938
26155024
97462674
13983262
33631991
46535236
56257510
74313990
93319249
49012344
31121329
15367888
55079231
48181762
79677273
35052880
20632134
22890692
13558621
28684721
49978374
75958241
59883272
96091219
26938103
68706648
55181552
77765823
39632657
53650252
89744969
95247578
82335492
16934244
68865362
93294759
12240075
63353643
81258682
40007820
98636675
30829088
15008390
17328351
73600722
29599702
48817335
48827692
94320381
21594133
62045733
65660772
58964764
25994733
41151923
33360805
18360773
66131598
40661303
30715680
99294227
86760818
97605251
28934998
89521336
57713246
97993513
88955448
75463436
79654554
92093853
95956588
24198257
84167144
84921342
41298955
86514188
97178945
43964944
64151309
60028940
60056847
63709487
69882295
26179981
41955656
52413992
53267550
25801980
64928846
40096568
88700306
42460503
61161638
79292391
26485453
67266145
42434442
86871986
31122411
28821545
53862264
41401424
52457684
72930377
80450504
15203238
30667243
27990019
25291391
90805072
56793952
34115805
29868832
45619286
78509325
36708299
86047404
17674903
58538724
36372752
68495942
32455105
27973097
10270733
90929565
79751918
78574703
26970973
21171823
38500516
10810449
61062459
37070768
28448498
24196330
35032806
43118328
79806255
29911231
66949848
19973115
26588938
57225037
41711172
27556649
80517356
49952687
57944529
33899320
38857933
98133517
33974565
87602800
59051389
65029110
85324553
88594581
18881355
89529167
14477357
82011683
89197567
52344754
47578949
79814875
86130958
52300690
10631771
32501214
40653913
96399070
86976624
98689272
13762613
57618745
42507015
46731591
93859205
88677284
55935280
10376048
34723095
47049915
81892011
91668601
84341201
48180602
63675847
70180609
14010288
58899994
70266842
55956182
71601362
16409116
74982083
90409672
80625332
90329144
95376580
46824636
66735696
74287344
44507272
68292385
32853050
35348909
12497585
63084561
71051027
78218804
49711630
61179833
37172629
88080851
41286964
25383395
40230533
64781653
21433503
50806094
47058713
94475866
40996946
15671949
12076098
22696551
62839544
28494388
17623102
84978028
62181834
59074752
82644375
56072816
31709491
60882856
86129040
69047075
39896097
30726972
94585044
29120886
48551437
51669603
58082682
34346657
11267275
96930044
29410472
91732786
48175678
48814887
12738764
58621729
57718857
24797904
31609485
54793089
41127141
79754035
24577600
89604079
43383070
95782458
98718521
12395692
51270161
41772474
28347617
76560857
15100042
43421456
71841480
76903840
35777841
86343908
56004118
21649490
85155929
98442081
15049370
90018423
80897664
17547830
35761450
46122543
49390771
61843264
74377957
36097135
41002910
90946361
97424722
99757699
97467639
19591279
34831031
38969777
45798111
87170466
75588561
63741915
93512243
99393115
21740013
74581082
31492407
93205212
45893019
56852284
28425951
95927410
98780687
85936342
81378848
28018441
56778466
88902545
53167478
65714269
40655989
77551602
62762799
77292487
34238579
51212899
75892140
52191715
65419444
18020561
13399170
24239900
19901961
48565944
37881245
94409237
69876577
27097173
55447934
38578985
39446121
29409718
14215548
93064033
65497081
28743682
71741547
99252585
15360282
69811527
17636560
38354822
45898373
41922381
45879215
86524339
27549585
55340651
79109316
68131844
10653009
43291349
64022947
93607971
87454221
97640126
40826308
15131080
40217429
95152870
27152864
83444697
74084050
82533027
41251188
15092030
20906641
45756788
24686492
21074336
65695889
50545699
93465283
79938596
81041936
55163676
85750816
34205847
43816414
73903483
87845539
81758021
15939302
28320529
70232971
40800291
10887293
14851672
42032605
88675079
59708160
33677135
79644464
46884099
47416700
25177647
36747259
88826572
26619133
32373797
56614610
64831134
81116898
80836706
98498188
48264048
27145883
47437612
32013608
26434906
29404489
29814023
91953781
32084766
32570975
15919805
16112344
38284898
90966220
33170571
76792312
67590702
79797041
35266278
14045919
40837887
48971922
59526223
68713081
41887450
34602113
77981279
24204516
19758162
71646940
34760920
40262205
39255760
34541934
40645103
51614045
26493278
74452363
44107598
70800622
36286240
31325642
31767402
32517459
75815092
23352732
79444710
76492258
57741846
83180251
15185448
78216559
19035953
76261245
13593118
96447308
84950763
41983296
65172785
38518229
55909148
80555882
35589889
37988512
84780953
62715625
51336467
28426002
22634605
66853967
33056902
11435142
31640256
73028441
18054545
33152040
13560703
96444261
99215384
54700324
42021588
59837350
63186666
55410749
27747807
18762149
59340801
31810033
88267432
60368301
51186747
17050634
57156838
29161546
18887844
47836584
17547701
41383857
13776443
70726781
52698576
22733469
46817356
80225586
10314120
24583783
81404514
60539264
66261825
70045309
87956925
30894313
59834668
33630802
99533330
89241040
42640739
62501765
40857948
11997491
87163630
71271557
33514401
10340393
40367350
47517052
65191638
11281727
38285202
97985735
82123587
88385382
14824052
85822500
28648047
70946211
81038239
13973376
55583408
46776922
26447073
89788909
89705875
76812177
44023397
68229607
79336104
64475223
86631806
60391736
52664944
61466792
45697246
68113291
13104980
81560930
17428465
45832572
53683525
35819858
83181137
43535508
18390162
71656821
32232999
29840069
35813888
49708750
91223344
42344095
65293783
55623530
57887878
77009490
10017152
77664688
85581226
37969306
15774600
40949884
59070420
86838743
93274374
32524389
48098514
42274150
97753305
69203796
62120738
79981366
47038162
87088832
82824263
27652700
76235903
75170114
92990949
24760259
75756922
57992359
53533840
74663625
47095236
91163913
39908333
46977600
52932458
91902829
95097412
26389221
72180592
10319560
90476820
44894808
92667078
49927171
65904953
19818222
70510880
28170867
45010669
52897338
54497020
36560627
58409106
62303447
81371804
58787951
16899455
26680688
55403559
14478555
10065249
45085833
83250763
67236821
30085318
73533089
98543840
66829552
41556692
50743613
93649362
85761631
45079253
73633811
18307357
19032249
70068038
32303340
94187775
46728033
17823513
22458210
91825391
28582652
78628643
97732414
10976538
43777741
75789003
34952124
67314933
33246253
93707850
92491717
54749441
74296083
86420055
92613978
57656193
14157034
37866640
28625089
16068609
86474728
54397214
28489963
27924631
85915191
82837091
91798089
23405075
31579666
76728683
11315917
15212389
70839111
80579972
24454839
78071854
66042913
18845304
88534968
26221944
74582697
71343531
72716178
64396057
11628152
32140668
19214959
74706013
65570447
44870345
10995155
49176894
97624240
10416235
61683475
21338266
30287759
32801300
29874406
16071667
95903313
30624620
26832841
70312281
66844574
48776634
91510444
28301780
84907344
85464071
88849807
83365615
73074576
55416287
17217421
40621218
98602797
77009737
99739756
74101140
28942996
95282374
36449590
47365006
69155716
15103275
53387520
48040348
26748192
82632217
83508217
60686287
94308948
60872431
67924867
44781705
60602747
45230319
22633428
61259490
92191286
83618304
61643609
14339400
13065414
76130039
28653841
73605594
51598714
99509524
50263785
73074290
57830936
98488786
74432596
99504342
54673564
68177965
27925699
65299173
68496994
28718334
86398276
19041715
84965290
90297869
96833866
69250914
37123135
70734729
39245975
95845355
41373103
69280170
34874083
69795224
36321720
33362478
66130788
92448264
17658623
50208329
10872468
43998726
32634349
84333771
51066507
65668222
97290505
22613088
19559252
21323153
28961936
11099825
93246566
53600078
14124486
82177886
67999982
58679653
54286640
67713483
30179941
80070275
76063311
26573960
49263881
60656429
77245678
46014319
25813887
28060110
52610735
80255258
91399919
32763671
91120516
10102016
96304698
61608409
70449653
47191197
77347034
42684556
84089399
24267911
49991097
17294303
68258625
96771931
26801308
95724837
13312579
52422812
84271095
19975332
30297547
88749614
52508909
71187788
51483879
45170080
18631551
90710809
94931664
88898735
26136577
28668803
24110630
59460464
14988176
88066051
69020732
39310678
89717220
70638903
13860043
50112390
31859153
30950365
61946982
71955740
83473702
16210074
18446523
88204513
79973949
99471558
39847731
49929136
45583445
86456813
62148182
71573627
40329781
13364579
77767542
98452344
56380795
73592953
50626204
46321703
54589516
25849130
45970223
87295708
46645113
89246534
56270061
40394077
91913509
37870987
33257227
17142279
79272979
93502028
89489715
65232797
26335347
18033380
70022126
59408262
92028415
31960736
94676998
29799379
57489470
35915480
34186675
69153325
52883053
36951869
87123493
93875166
89205097
54781609
12330162
37610430
66445226
78746768
60259196
41378437
13399888
31241841
79844308
66542911
15733811
84477706
52968630
49826891
29960004
95947683
51827685
38433901
37559153
87735821
79670907
19858112
71467613
68472481
77541684
65746844
61393828
93994200
87709515
94382141
37559653
90211409
68027295
89959684
91200565
84718547
38559307
89792543
90684401
74600956
19078107
23719837
48092435
92782934
45640608
77868730
65125757
62173032
92077960
35814334
86069654
15510413
94166682
34952581
65113124
58368022
58948529
93919329
66096818
25723301
56614123
88036336
81266160
89318077
92630504
52365124
48282535
44897059
36938156
77678216
75375499
61719198
56893817
25061274
32098132
15823396
36714440
80277491
61743677
76302022
86718668
79211607
75849230
36861920
19502942
85551008
71207622
34827562
97321769
86799817
11750141
32882916
88360090
92001651
88508363
17055628
59757884
89758222
47905657
30213534
76345412
66347147
62723707
19981448
84476439
40921601
38039322
76845560
70443029
63114054
11307366
48136700
64866163
21062204
91514347
87365733
90671044
59965728
19263985
68472975
78616867
94290293
40705116
16818217
52451208
30228116
59552983
42770028
56790988
19069329
88124439
92411267
96081659
88894262
66682396
17499485
34294668
86174587
46644186
31688180
76630347
95194036
22534666
38554843
10036594
75865573
40771799
24836908
95569812
71352088
72276348
29290353
16950232
61160459
66631400
56030479
81288159
63725341
42158242
69733557
69249110
30729994
86956552
65541835
31686645
87186922
22504871
72654546
67946725
45777478
67384512
84068112
31107226
34686155
55320292
26483229
91968506
84959233
53627718
31001423
72483902
43894440
33551935
34030204
56469018
13919250
16891880
14471337
70707321
69512486
19882013
96341007
80972390
28619156
41012885
65675105
17018025
32305794
61389912
75071228
69907429
93786908
17002659
33559894
16066746
76999834
40484637
48724508
81922571
65660818
11018390
58588884
86160653
55206526
55116408
97536675
42236404
78135866
71762532
50569077
60784528
89932149
39215329
14564202
63474736
97782590
83311124
47652879
40897177
13519795
11741354
90815119
88375826
53885366
15768068
97569254
13947031
11660787
89776811
30061855
48247987
54328471
23713116
79696116
11248736
71555717
85064295
43335960
92791411
18890042
33535911
17400635
12112603
72123217
17580473
61233493
20222991
33114386
21579758
99876838
51253955
98289772
75414740
53174329
72155159
56484902
48575794
99513741
34973393
12785799
53953304
97027344
10622379
51640080
56422598
75444599
98079257
58372399
54012484
43782239
65778069
47323124
13433228
40508268
90118381
19678718
52439505
44712866
25440890
96363701
49285075
57088598
44402837
15596080
87571906
61223081
40012578
12054580
42246630
95654681
79187025
81628677
44060620
14058839
94520998
50001296
33322093
54623633
91062331
49187478
30586819
10714190
67866113
92733058
41976647
67983083
82963305
26299508
63178568
85305324
10127580
18384462
60963897
75949843
68267101
12414590
75265456
73850294
46102462
34075620
27642851
85150465
20484885
96664886
54186740
77279355
83961582
29782502
15392355
36936557
65413139
18298241
91542577
90639768
15319387
67552984
21571214
45211737
67771171
98312793
25145923
76353721
48053345
44164547
33203863
98824421
20878249
47361687
94031492
93978704
86602376
28845011
86333162
49465595
54752911
11710777
47379108
66242405
45733175
40981765
24521842
70338596
82142171
69492377
55323716
28527450
23517587
88670300
77330179
13182745
66755999
40156857
74075853
85720379
35816703
35535077
11773506
58920881
38460838
81312582
55775102
34168635
98594053
64002683
77194205
24866965
26691357
92287447
34559393
97382042
16289878
71318711
64813193
81586619
18958771
47813607
41605031
29191028
79308013
30098410
73025462
86203781
88318285
37849863
45314668
40626119
70576840
70649604
41081147
19565147
62342416
64570154
78598224
10711471
27774777
61044511
14586310
14231383
29056961
50463897
36386799
40280063
82097977
42905244
81923911
32977698
90670214
18932050
65195455
36068897
37640684
12319029
72157159
51060819
64017130
79119325
57847800
24897437
45450218
76325812
68864386
40549140
97903066
24614679
96981559
86570094
65261028
49906422
62315178
77427561
24139656
99810847
85448269
42371719
96332583
54611387
36610203
87139772
57277729
14543126
63531023
41331781
93486944
19876483
70490735
22170542
79595975
53237692
62509826
47570511
38850498
67861738
80630018
27203822
66842455
97187898
99543105
41660748
58534932
12425799
63289567
44404724
70748137
54870445
74366291
81259028
94951542
35449891
15924669
65882607
21875153
79428321
69240992
34359012
37920827
58214674
21071229
30028261
94983331
53436322
87322044
17271231
12959077
40132505
58119635
67538387
88451506
79139943
38656243
75540371
76416442
11469434
23136472
40788258
52924921
62942723
96105089
15761590
99445619
44583355
82699463
78677754
41685721
32585123
51191652
71993546
13093429
65024017
39877937
50057357
85416506
47998327
60955697
42480743
33357264
79720968
51106663
76575151
33191758
52092355
19194619
32796646
11566313
36722837
46234308
68604036
61030983
76825443
65176110
84207465
67146270
15559505
76884406
85860033
76005508
43114688
43809411
14923419
33359177
46834084
53378158
14376383
75086521
61162019
26326712
80495935
34576720
57391555
67826636
32613474
93454053
89285486
43435644
71814084
29086625
86619702
54877608
99765573
72156079
73869449
42523446
88742092
54593270
57137622
50109080
20719207
94247030
95665008
51541425
54820435
11851695
85793345
50790125
76388151
16030044
50778365
39248096
42889222
60644777
22796168
91050275
65867142
45999475
19216063
54631531
72265562
76088671
47316557
35716782
36463066
39402429
92894639
25135297
29504756
88201112
37876392
70955714
39215021
14755277
47512287
81494707
14844066
83690415
48706009
84551198
63415572
17585035
99293487
97721945
75907032
13904927
46764023
84817579
46117056
18255643
61713167
66026619
19441436
86361776
15368544
57432579
38242531
37343949
82946270
37417991
59770399
66385296
95599675
88120331
88501562
95494176
76564486
39158829
71815433
89612377
37437449
97308458
12888157
95982304
86024840
99049742
39502904
65908393
17758019
57518336
85176290
75783581
88474014
77750781
70562799
19170939
69749349
75532690
94850221
85240111
49956150
63113912
14463479
90085563
90531625
45030986
26486949
88511935
54481947
33480570
71546518
89406857
41751714
59039199
13689709
17210272
12421259
83258078
20604564
85144104
17420664
94165660
83818103
75844573
68715764
31065032
38771304
91310715
82941192
93630281
21543869
97859303
58996972
83319690
29987253
31003967
20643874
23715157
80345461
88920500
72607844
62700974
66324246
81824388
80995247
60297221
43880891
46405661
72370736
88192656
80172289
24392392
44713381
92824415
51804732
78391220
63207468
14613819
86576626
16430459
39897468
37224616
46641150
52770714
16334723
23478267
76200375
29418052
48734878
61893420
92772047
80322031
27833856
80030064
19892027
65922301
66896257
17017065
36040427
79165628
32659419
26051097
90177557
21405193
60407168
42352769
54627062
80435936
87964929
61346080
38299837
91839933
37523097
37139449
66215220
81936646
55871110
20769892
21521368
48507380
21876673
51162882
21938408
60854404
17257620
10755952
67805593
52119076
70705452
20186418
47454057
39316695
17349999
82362063
10136216
12237787
89712255
98867724
55337230
78166168
68837843
66056473
40718308
88615811
60623481
13042694
60838852
26964702
82164771
42297165
70215113
40378715
92949394
80729987
66545892
43190075
42460591
82936209
71841210
19099411
86017608
93302105
90271745
74631509
49297419
34131600
60347273
32011911
78780204
34873587
29567452
66763754
18102392
16520112
21639213
75577168
77109704
56675839
25856241
77795237
61685129
38241193
51424650
83768553
19797217
92029323
22425075
70579373
28678055
37855799
64007869
97862489
64139486
74075486
60928665
37974308
73360842
64761732
91091567
43538179
32152080
93285396
96446398
50436787
46977568
24831679
40457509
38254624
59383382
55159398
93772789
60124706
85089340
36045273
61000597
79651105
26821432
30127306
80752257
93353915
74861355
18800747
70576044
14365525
95288697
73859139
83112679
63136267
40188361
36232428
53937806
81720571
97124081
32944446
53431307
99367224
93557401
55937112
64273563
38040388
33649568
56792394
56645062
37692124
66103169
39941954
10408301
45948142
35057829
99188084
18290054
99837619
97529211
15008286
64339095
37784936
87399391
92620624
66509365
31652784
23594326
89193824
49197666
53038585
65163826
99354268
39329535
35522801
42714726
86709135
56613557
53768802
85178665
40592515
51498340
58667268
64375109
46734712
27567952
14853415
18853414
94293715
67266663
26972383
60440155
18541571
64930158
67171104
48639383
28249268
49201282
73261705
58749916
79865217
97007518
80511390
96521863
70898914
30659967
52947618
98232148
82348435
86541551
41523034
30813463
67505361
85190827
60745426
54185056
93089211
74256620
91157973
33099928
41348061
23423138
13054807
18770518
46885538
58641866
36537562
18518026
90568299
68591616
27623220
72515599
39545553
43114396
70693424
51814655
56278371
55009585
39357578
39393647
58435512
77884879
72870137
60347594
19003600
59309661
94376845
83711441
21570799
35243183
67909405
72585258
48270899
85938740
45784834
99656308
14686834
79415052
17275003
66876320
72333979
85078476
74496494
28989847
58345533
58444046
43890040
18645540
94062068
10137685
14442712
35861692
15685243
28358436
86989543
22810887
47552387
20613470
91570940
25359394
26456396
62351022
21954085
45276852
17695486
31917333
78519192
11331552
30010785
91891954
69159379
17006267
16684566
51312968
14541824
77465774
93172708
45821382
95110068
43761807
75433330
56002609
66197716
64202205
35145528
28685331
30755345
60795746
54558485
40888059
82182940
35393793
22537940
26097807
93015629
20062746
67193790
37937042
48991025
52551236
80214928
13237563
58943160
33325829
20175489
35437051
34861541
69085991
72469577
30676939
90151794
56962778
13523023
90441552
80010141
51076270
48385003
56389885
14424323
59006410
74322586
15818968
92561953
39725255
15001186
20326503
80079095
82818698
51815903
25722381
87816771
75387180
63517923
41428519
54921859
95675881
80769260
18556176
75809586
19338236
77420360
57278419
88185177
85465293
86662415
48646502
57780866
38389438
92824136
33303652
37314081
79190928
75227682
62638331
71638477
57875052
94428348
73928921
63662234
12254478
81005910
96930087
69497088
70169116
22434755
78839917
57296725
94513117
14449571
91806019
38968473
98155771
54714347
58034814
37119147
36063875
30171050
48649483
52413246
65390863
21451037
20189518
68871878
75544919
15648817
14970854
76880701
58694136
90483934
54748165
17832195
35634377
38752641
55897749
62369884
35032456
14496313
87832310
53032480
84246837
61633397
50643957
90657025
60419995
74412525
61260450
91386916
36281244
75762414
74158669
84684741
98667107
76320797
94634844
27996900
67955383
42483323
69797000
10876731
81776735
34695946
80235111
39433645
14643234
55332660
39856800
73167348
18954772
34052142
39270616
77112345
42060295
70937845
19970079
52612176
45479589
27539864
96687714
79402420
29168139
84829467
88966029
26290412
38449214
68340831
76963601
55382197
84139039
18969191
61598211
77887771
11046313
74931795
73092733
64582739
48110659
60702797
25119220
54025804
13912742
91546505
40554134
90005001
31057462
31065131
24454307
10436667
43823194
88261547
17440001
45477123
44800731
38181087
73031793
30319626
78520566
97691834
63205922
50020659
86977339
44095088
89284150
26707322
90634717
78378186
26331902
66031072
50423194
25030538
34472253
28744011
41735227
58736161
10177957
62303329
42151099
46770874
51462408
66994012
38538060
23728851
19024117
10676597
47582024
19502540
40179447
86157305
53397772
68380780
19005841
21918923
28878167
93964262
87926081
28951994
83805766
88427505
26930582
90317721
56173627
79684987
91529738
54635766
53688230
63218855
27928727
57383286
89498832
62403532
12641693
94818595
54181229
72173695
33739721
27171764
45023669
18669423
30856221
29621447
82148703
49778541
39339531
50150708
17857499
34153792
59794207
30992763
33993749
77428940
72351463
63243448
29514675
70918798
67645345
13463506
63782180
77050257
34590127
32616017
99158865
42692172
25676590
24857867
40384593
22720822
41975350
39979564
45580360
16877722
47754618
63451012
31295345
28265656
44999535
76367840
65144335
69351598
84546149
99740290
91349515
97535795
64526338
39534208
11857835
31733551
29944313
37027147
27339176
64708641
97678778
93513643
10867175
59848851
64400690
93063871
33542592
29074582
16219309
27015960
36612400
20613084
64272405
38736472
58877422
39905998
22389366
48300147
18466631
79941969
45019792
92489041
47832922
47233804
88610225
54229722
20722329
38657474
70395281
59592628
77022439
78015301
18591874
96847154
15466224
97889789
34141309
81230395
21277192
65294412
23506167
56610310
78673648
43175121
18232626
92359357
14600425
37493079
68865441
51121864
29449629
95413234
93902905
16507981
96453008
93185811
81203646
41973015
79923928
18391213
92222478
15905432
68962042
50206927
25436769
93967823
44030600
76254383
92153797
42346380
86614380
94217469
18996333
66911244
85313858
98390650
61169885
47967520
12900343
91601741
62069282
12828816
43856871
91244315
96834267
66748354
55295004
99755059
37184551
65776185
21622495
71887526
10879968
30711519
78162333
51675085
77627686
17721953
12691462
39108616
77406780
13824868
83546680
63343621
26160179
54871291
64298946
96600116
69802589
22908583
45419043
89710627
63734470
48891132
46747943
73064506
26846301
15320625
77826449
60077316
97741042
92689711
27281030
50987938
63176030
72554419
73855934
65943136
98243592
54852299
95084591
32172985
58700559
35888569
93355570
68678314
39676853
27319788
77424832
44595862
38646994
83761904
87298389
73412562
29675659
88843717
52437983
15906689
35460958
52289364
90357448
61037267
64968378
77704949
39176693
94886158
93777963
55946782
15954291
50462752
58592811
85269845
91252641
84071233
33804824
11409810
85849391
24916087
20926130
68316787
83387514
19933370
39716937
79589731
29873267
41703275
10874548
63774457
49917676
16340938
28725115
11278840
49328818
27971748
49851654
14934961
99381734
30926351
24522732
50626180
65807160
55963307
88929551
36969474
58545979
40861563
26673406
26937530
36259770
73500891
92861010
92620191
79931579
85682935
76629321
29305873
55115875
87327107
54253002
82695716
28749206
96473826
12702267
74792974
56078634
23489639
89883327
95163056
60535473
61083810
21984198
96478631
11769959
44883386
71687726
49305722
34058257
26784240
82038355
54050627
42472478
11790787
43543057
95699140
83741412
98918081
81510813
96826699
17555222
94216693
90888423
23748605
23340850
43593670
30317593
44600781
86634899
67920535
34262048
12694167
43327838
22283776
13596481
12691470
77715811
48978806
36065401
95409580
45877636
24005200
31879950
13669531
87101166
80160053
31302498
44398862
29655499
87166789
88947458
55521612
44653791
70816200
37808122
55140857
34275205
57685965
91293117
40792846
66372759
78652883
49373797
39455745
81826299
68213958
88790000
17734896
65552133
15158418
60927004
70745406
51066174
87057429
28070141
23585763
44368509
48544019
53240635
91779502
78034570
41601539
20235379
54077134
93733856
58617964
79141334
22006287
11132960
55607711
71882248
36103225
47131204
21463822
75373882
58377008
83356985
22145739
68955794
16115676
90823708
72708707
36955028
16621972
82649188
61935622
20400185
14686364
73816371
42813350
47870957
60146020
24620264
18755824
52222627
37034802
68010309
57643880
81841620
41911309
39592208
71974684
15387181
27882241
34335666
17968753
73470626
24125267
78466779
70649664
88336499
62817210
93318954
96701300
73991575
10518068
72235409
90459808
70381938
55834903
35847464
98987820
39851769
22783410
97725731
62874134
85054862
74266239
31035301
59200982
36040349
53615800
33820106
28284395
82198254
79614590
24232096
83995329
45255239
18133474
23749057
60712699
61036746
56470577
96520788
15472468
56443143
29735725
40419258
31369695
89762172
66063082
25975329
84326479
24163326
90232241
45007521
56025037
41917690
77653893
29805830
36698973
80799028
85789215
37017670
18600586
11088394
69026552
42974657
96997878
79848375
27312490
16288636
79335483
41671576
73298726
98740110
85156049
19303793
64157584
67925340
54493602
85216291
66349919
16711976
91346667
37115943
83219687
25111659
76350369
11063941
84631190
84526661
32672128
27442079
32396387
94550785
78972531
75383677
69979832
61652172
82006586
90392939
38784244
82203342
74989377
81575278
54446291
86497001
22704562
51359164
23918804
10782444
13851267
34505793
54791744
56520739
88340365
77280289
91175635
41075617
66753220
41238988
33563411
28357870
49247443
71046477
63911867
61130226
86551024
67950058
60411669
23621222
77275183
19476128
86076349
43494819
60234193
22333807
54736359
42921178
61199461
73101336
16078147
36837865
88188077
25599557
97820155
23937516
90582247
29178910
95450616
89673754
86053515
70325708
81647174
80682945
41558683
81480920
91265278
90717736
50264681
38619470
86628857
39304047
61022306
35291340
75156262
24853780
95298927
12508594
17240768
90571458
45786749
41837860
75138936
96637071
11981235
35480193
12376931
77136741
68236534
18879007
34257365
69247649
10044441
80594597
55449567
11919628
47115999
62144438
79233388
47363833
27001118
22764599
11929277
17053878
43762861
13844132
17937094
22264757
42830802
74316064
16353690
79312607
37427955
66978172
40151783
27496409
67113044
65692780
17408277
84081323
69466508
49549110
20197347
58374560
16650970
38116681
50035729
89293692
59020219
24159482
26714115
47572241
54240118
95784229
96980864
58823472
42751749
81231367
47309920
39834871
76671723
81812420
12108874
92686474
57611152
25183140
29588109
34961726
72519747
64257935
51135094
86239840
67630971
67915630
32338955
83315757
18138450
26006014
55063937
79329513
66049887
29496338
54550447
55299063
31043018
10566284
70280980
57703066
54886010
71499452
78319741
83266508
14723026
57734887
60389437
26545252
21609345
61498462
11595522
33740179
10669657
38171130
19259160
64922396
83290487
32640684
58900439
83037072
93206299
34924015
49312761
20916651
77209951
75411079
61242287
13184773
41907334
99777602
74638658
47218309
47662493
85235807
88826771
88334252
72169007
58548971
41102430
12053157
58146759
95009356
68643719
97439922
13902655
42203528
28434866
82219206
46986232
47074036
52369094
49000118
16500395
26216461
56628167
19146814
66605161
87043310
99635636
36646226
39286006
19662521
33659113
91371886
24389025
56070680
69635254
65839536
72314763
30908054
86923014
34785477
72807869
53936555
85910267
40125580
16414584
84486722
77054423
66434574
18661262
87846404
87935368
29996971
72033027
38478718
53511943
49438956
68267015
39827949
62446410
52344466
79638888
97114294
26077692
16218437
34939343
60679397
23616088
53211258
74215838
46611529
81826380
59885155
29438964
47276851
18319037
70773853
46205040
51478036
76713250
51230088
11203133
99814031
29752553
96164457
82104554
79873188
54788945
69634022
30639778
25309249
22554343
44862927
34474561
78383551
46483370
33507772
88562806
81516488
93215465
75301795
42746992
27276304
60413532
90103095
66516969
25761246
42898023
79524892
64330328
61187522
98382067
29013321
21872520
40450151
66015944
20982021
40806812
75656804
34278776
58679173
88810421
48619426
28104697
15301705
73336095
37936696
91837668
67729795
92692706
43155285
21152803
88125715
66577948
20731385
40367133
57120823
25922647
32993716
14872704
37982383
16222414
54292426
67048986
70514735
36867992
87369563
95831026
85640261
87713892
11017786
19325101
17144870
57118441
26602276
13618681
55239395
75644770
96448252
35313479
44145575
34315838
68067425
17964061
85840285
27011850
56234059
66291309
51039281
52032652
81703924
94260132
74992796
39245033
11168712
29361646
67418350
69149929
40595473
44108493
79444445
67958874
67497826
26114220
33326573
31201615
19350658
20288309
89931338
50516638
53517412
17501539
98371663
14329685
95929758
76835958
10954230
78059545
39065641
57413563
14852233
43873802
54040969
88208909
86354963
38215283
51279590
59275234
34610782
99271759
82915181
17774797
48717968
49148918
97400581
76582905
76077881
20896249
58637107
65389733
32776926
30041864
72481455
29798198
75155672
92363338
36471511
62167692
50808403
98263471
11214930
84017784
64516237
62921556
10522345
50919401
61293647
57934126
61489769
45334385
18373279
16057061
77499957
78824128
12707906
90703644
34021739
30448271
10425582
65214581
91744093
96178939
59085027
39322808
60062593
25597971
90012324
10527009
55449276
77547316
15546594
59967694
66518798
85730116
72497778
18402631
69157235
75590831
95325793
56403232
88171414
70679387
90701666
89428805
25199737
98534737
37339513
64166055
18464884
82551456
31780783
37588101
80783097
86646434
59494333
46686776
78399401
99337782
35814680
52246496
90029303
64369869
65215229
79317469
77298188
76346632
47661520
75894612
34758478
72614322
17720780
15669114
95806717
53820054
35667640
64287094
33154576
12587515
75517471
85961562
61092095
80793701
29674803
71561607
62795114
66864012
56429431
14228478
56705674
57616410
19854742
68697400
66734084
76409258
45652763
30595207
22694822
33867385
76804656
54271328
85016211
61133477
80997664
36169101
44619674
13497977
31148332
38799177
23047098
75702866
45095911
27604093
17856991
74135995
77354351
42198083
52013521
63237024
26980974
51551601
62630213
83140287
84702357
99050168
81648186
96589202
16396124
98708336
32147986
51464569
66750762
49811263
27038379
18028709
50628989
10330391
61684480
22883297
60369444
91941193
71585460
13693666
48119779
86956464
40216201
71124239
46717180
64505529
63182574
99547852
77242503
70638871
90702381
17653955
11801687
59763083
56015788
37884240
26024968
92965323
87132092
73982673
15696823
90013836
93813520
67058802
18995602
77872003
69754408
21167983
57790291
66811271
64238412
40595295
36699749
38669260
21896725
92961844
91906023
99933703
79040750
55620482
59460558
42287492
71045376
26392043
29057610
89592967
22853433
61262304
20868182
76364308
41012565
16848689
64240785
80328267
38770916
78282617
83296118
36561936
79590880
30060995
37393487
37813926
89783464
67729262
18729522
62673082
40277678
83672816
39472811
58855850
68781451
76645146
44596649
47170392
45637521
74209134
28571236
85194694
30948518
24028502
50439548
95922550
99068975
12733370
47456451
78600079
82071443
44177344
41318704
38422849
66360137
28050605
60690202
33349747
52510616
80315752
22358864
76029569
71803211
51887153
68720010
13699504
88548142
39684905
26718462
16285330
27978261
18040443
84561458
32007630
10846768
24628723
67305150
51482243
14017605
85191997
20626962
21622749
89565084
99085776
17022356
87153367
63059127
66339090
30747342
46842109
98036748
76620874
34962620
81908435
83477826
32201618
28272887
45225037
55565888
75025973
43983577
39868334
31039919
16055456
42341759
16344044
55325931
29779526
39818174
58651048
29507532
91046035
95065364
78086591
89418430
61688226
90136048
70376035
44303286
36018898
34402826
37875445
39084844
23877302
33115801
86582629
86512028
46944377
69951106
11818260
24647703
42805577
94031236
46346348
62167352
51380772
34373387
34964712
15357780
78255791
79096884
98701148
93124107
54482642
88025040
94928800
80368644
47967966
10846107
18132670
76818253
38629372
12052648
37675323
51815497
40375092
79192535
66720820
18285729
43539545
77212281
29520650
72443829
31778279
32192292
82358934
28257992
37709677
79581581
76486558
73610524
23041220
69352661
64811786
28222251
35002347
21370611
97305641
49562623
65440292
91510960
61888345
32655207
37647924
25399123
88897829
17067959
51020862
58988470
41368796
62496270
75794589
44965773
11170513
72060649
42561300
57804312
16055082
98417681
44606683
56201788
29749704
15226411
59345481
94129278
68077886
75671278
70144634
36364748
20251781
40038629
77804464
61749633
26655833
10666414
24662479
88703013
27408484
68133859
61093354
75347936
74108803
82079433
36341101
18879874
66281710
14360557
85685497
33981715
40127186
86703714
10103294
51396609
42554558
36831683
49793210
20266136
59871453
34149195
81000261
38220578
24808838
31092760
37484959
67294789
59436679
28624040
15877902
58500681
58751584
31587594
32558297
27999272
83887161
44946132
49677653
25746245
92783729
37711937
24243748
13862670
99875611
27076128
61507352
16195740
69342735
31067150
23855681
29914778
93528525
10853545
94324492
99806908
46278793
63127394
16645702
33936367
20176333
66517440
54880396
26101191
22723517
91133491
41727230
33293963
89482048
91914710
16077447
35618442
67739646
84377498
63547463
10478652
61612513
21128141
54398572
12993866
38362455
39901348
26512742
97825249
91441673
62306322
88967027
40676955
54210809
98982937
97227859
69051664
57435561
38439705
23528317
74353048
92921696
33829416
82818558
52151098
38028360
52087274
57198569
66754798
46873611
45066377
97508704
68044685
80669524
44690986
52994914
62500775
63520879
77925343
85895483
60698299
55531783
78229554
29441827
91315187
15603063
32848240
45406735
98886630
62673137
24892350
48992340
23446891
25068583
89216204
80938934
86645518
70948423
52691660
15680140
28220944
34973145
90648752
27089827
76745035
18253794
35314102
94667903
49673997
70726299
94800724
15149980
65206652
54867861
65854002
14726877
53385315
80011112
65309939
75032465
64373193
80162593
62094214
63799880
97672327
21525475
25139082
36951796
27993416
87989410
55929018
52677662
15041738
78898003
74537860
17527770
24135427
75543042
17576889
20147974
60900697
97247434
72627128
63553731
14422311
61554570
88913325
54240365
93750978
92537218
51001718
56660904
26830556
35760562
96048517
39354578
90716676
55514366
64437223
32728480
47075005
72058085
99841527
30255857
61594742
34598953
36521109
27083505
55950637
28084620
16964674
27599902
77133760
34291245
54836625
23257425
94529212
59627707
54750494
58554356
38067790
97556752
52366788
39278377
59927526
79169759
76648570
11295873
59357102
29876723
34502098
59104825
11031427
64702640
45783684
31459170
72258869
24125652
91954928
26400864
48585673
82397807
68874676
86958172
73501262
80921691
61480645
54053214
38849212
36832007
48620014
99067857
12868317
74293634
52921110
46766576
98622912
13826609
87050475
20167104
29579989
97616456
94850438
95530255
13451951
44159631
64579754
27644130
50631448
79219899
55767600
71462031
27586613
69089915
90304175
59927194
13151574
20293716
14370790
33616832
92963745
31287965
10532228
30847108
90255038
42989805
45611988
27828233
88642050
19996318
66375034
90581846
72523349
72535930
26052588
82466059
45579072
46181466
29959247
46485591
16031077
36603380
46895153
14587678
98043959
25367499
58253821
11956693
84913426
46598305
99226931
83913050
84379100
60994113
37951128
53763950
25644097
10903518
17423743
64714692
36595669
31287449
84165557
14371223
45279573
87601375
57206481
41092948
95710610
71836657
42976607
81821218
84272858
48539422
20362248
67430189
83594381
42930523
64982521
28806566
76534192
61341960
96849707
19044318
70655308
69835212
13469038
52118973
50660141
83645166
80312541
67706694
94329770
19213276
63500767
48433856
47595414
14579829
54084409
37717745
82525637
91233393
34952277
28228944
13978129
98081588
56517132
85602976
17497383
58598672
37138478
40310074
12221594
66931247
92256122
14948348
65103324
71497402
26759095
58392142
72013942
68522976
43075342
39981839
81645056
96664896
84731841
34747159
63826263
47185931
48399975
34754097
42722516
19849258
29927689
65389126
44907437
42614483
60616027
84468588
53979318
74672929
47398238
18521424
56300795
95691652
10748160
64052866
77217816
60337839
60699662
35538397
33065192
29945569
28212766
13028957
57406720
41607327
92086586
76839344
84467400
79022795
69035599
36824630
81847214
77364484
44006568
30417708
78216828
75935574
56618092
94600904
60769466
99284652
53814666
71259636
27669550
82894321
10591590
17082219
19810638
89839712
27874510
23342526
34558306
62028895
14690421
28606596
14180380
61746267
24816378
17016856
60275027
38995477
13733256
44150078
14444851
15539321
69139016
75547870
64430542
14803763
33224071
40933655
72399567
38437285
94014383
36807755
64162555
85097280
76305066
25660619
31134114
17709800
10313714
82674327
15480092
58031051
29331598
90927213
87352196
43904266
88731696
32857944
80308706
46936950
77450577
27491282
77608798
90389551
97442585
11343284
95475291
95644627
16441374
50356890
55826238
50044859
79894724
71395521
46374545
80574072
46283513
98010504
35440101
33985042
60089477
99353301
31632071
95048233
33510873
92782800
75368346
22660745
33695338
87213522
53928895
31222844
87472938
43567468
26879746
27419111
92587516
85889697
38218222
35537054
67401383
86560891
54861777
15108143
64556527
15309104
24870565
65248279
35103437
71652943
73596827
41765671
31681833
70405267
82029465
70919579
69471236
63432018
88157877
86269602
53124041
99338134
93844832
56812896
59842081
81494919
85443480
15888355
20334138
98837644
76138265
52191426
85049221
56516749
24730886
18808763
66017356
53210731
27445298
57858862
20631251
42698611
83123938
87705202
43805031
12662569
29803795
38013058
74129813
47262012
74645961
73000954
86124213
56747611
28881295
32527332
14481621
92925593
25347368
88851650
91371824
47826113
10618515
47577089
56462853
87912563
57519843
32799469
95655640
57740057
65298294
40759998
16892293
53380152
56991482
10191848
51694459
60439817
13868246
89924158
13778224
34398399
91344298
58250339
19079974
62334377
93165737
16182118
53502072
36703600
73005223
96441808
80851834
67553062
22106927
79121348
95765389
53976009
26091757
37282337
17725860
48191250
86357746
62251617
23386989
58073448
60899288
85269584
50797964
62811172
20259754
87902289
96217955
47742455
70310905
94849538
97411642
84780485
42218582
50377091
69010354
79316777
43071932
51086540
92664344
46154699
41273392
54750003
32946626
37589451
94464953
76894779
33116379
38977182
50287697
83923449
73563549
33324467
24382527
27559108
76935735
39881977
57687398
50608039
18290762
29049343
48095022
84936259
20978985
82460769
82139255
25098188
66687091
26169382
47355495
89648165
47669217
10066075
83326993
58753285
94946554
89939380
36083348
55857278
30163595
28982888
95138836
25666072
53401800
25296969
95963629
88125185
38586263
92013538
72548899
11798785
24061397
72623983
38249057
61907706
67797180
55982763
73489202
81558256
86092370
59686698
82916658
55675267
22740064
81142634
18189017
43589759
32195476
75295694
57197190
15692774
10912868
76883875
82298352
69204540
38598829
72405119
87349813
55836025
83264798
75565796
38348405
53723434
50706622
29787441
95377025
38424613
99196485
24322891
73508588
57937753
39092370
94638093
13169946
42564718
40482160
26607342
18131204
70411973
77772169
53895546
44623520
42125342
55989149
25911573
50206438
17388982
55127864
37878064
20983380
25059022
18273121
22062725
54716818
15287286
47035961
98793288
82981713
55572231
92331554
55175593
74295812
92113659
37016573
34728935
43458003
32475170
42610256
81488274
83349835
48745287
38302360
40269336
86672367
10484916
12701353
38905965
54931208
98088852
73155861
41215982
36159766
10293852
53918858
58143005
30314357
82074366
96868280
53352378
58628608
24569985
51649335
25924684
63629105
51595643
91087722
87958222
84446439
53007708
51759454
27390744
92586110
34173905
75230795
90361234
45054066
83573337
17594141
94599130
64435226
78914801
41460549
60917530
77909241
36323172
42150882
25880482
52648273
13771089
54479435
90360288
86479415
14585150
41804688
16291126
67210059
44863355
91935219
22165117
55784777
85165875
22145131
57005206
59972107
41370066
28291969
17378425
70904477
99825091
36473628
13343185
80069631
85312783
41191564
26785982
75052936
50521341
21715575
86368583
46198190
92355763
98175684
16567551
72092581
50442850
22987699
80692416
96215664
26806570
19939948
28331291
78445634
31110737
83535001
46008976
72669832
34493026
22199099
92548435
38141445
23250934
81384558
44682635
55773085
82647702
59797611
52998661
15594337
14661035
17764355
36138698
32971146
90738086
23479848
76400965
22931270
46175388
81066376
41310054
77076619
40000120
59988362
38153113
57556132
70449877
32312516
89144655
30315020
82111696
64377386
89898681
47684837
69789939
26893001
15149001
54833580
49984907
65982992
38357458
55076132
34860798
23118862
88335169
28643980
80009126
11787868
37421741
45831245
59161462
33071683
63578628
23089200
76665671
75586346
67660264
36970627
54086480
59751399
92002958
66987226
69278164
10207117
41880310
69065852
25244841
44537455
59282546
87211029
54023691
82650551
54256321
65096956
31509351
30976690
84134685
38329946
96845963
37489453
50498238
67066997
53527118
32301115
82936947
90691883
10338518
34088129
55498973
64469789
41172386
13740364
73531215
23609215
21298769
86397361
32452648
97743721
97816266
59008813
95249247
17739993
34178418
56767002
31224255
34013476
26551923
38914568
76014324
86388264
35598117
69853784
55069194
89509670
91532000
30453828
79696928
99071577
25584505
96164033
13182691
99950262
53744683
79126905
51297946
73511715
81291210
97851612
34718040
56301154
42309349
29144996
62244234
57050584
37972818
79079886
85976128
74924934
63126414
15203507
90337083
12733892
47413111
48661594
52132099
34399044
63375587
49314618
38751510
62800338
19144369
58960503
54195426
52536022
41533468
78007859
57102789
49516807
12531901
60237661
25057601
75340011
61842197
65827094
82838283
75407577
29703281
49791946
23379550
62625767
16122541
34513671
15717150
53223031
56125882
83862134
35572186
84691604
48007879
90440699
16195737
27366691
65443300
62047388
69531621
70082930
37769093
59431475
83029567
66987703
55047960
97563135
53665931
42985593
48863421
79875171
67262011
93907436
83673761
63139547
93891185
55050503
52645036
51567736
75505923
37322430
29531903
57981688
61489792
14716906
16823988
70924275
80089701
95699470
24820545
99947138
24390004
85095994
27475831
30623836
13848691
28226987
91653441
75409904
80879109
91163991
41621540
85609652
55516318
38557816
96593403
63391427
19182232
97621786
68450086
61826462
32844337
84411239
48095223
74355727
85580184
71638914
94231517
72085114
92401698
18683559
77041164
87106853
27411717
96764139
12759535
26369531
82960739
57572960
78018434
14912668
68040603
81578770
67270358
44167305
21838007
31000364
28499860
63379067
70123441
10974679
22439534
19995354
76458319
65163243
18745576
99393354
50552305
69198586
82229371
32983815
15110452
27416559
80961544
51583424
97853077
58028617
78573580
75034153
31031941
79446630
62635480
22688771
75923904
80043443
83931555
36141291
84590099
93946493
89353348
98692834
81270501
96065797
62763560
49857476
99390540
46220504
13175938
51033396
67618847
73901945
39335259
71507534
84257522
23629630
78103153
20596713
29062730
84121942
71480519
87137849
52781926
81988743
98223013
64764263
56896132
37991068
11459378
95040454
23405014
72700692
83587025
67946916
61114667
99278751
69577498
30449454
86430666
11221131
93191755
10819452
37258780
19159947
67743851
64342129
43992622
36133077
42890474
50526424
96083363
52772594
61067492
31245420
41118356
33440237
40177219
89787246
71197686
42917947
94540625
14783559
83242250
35783360
55736296
62655821
92781350
49818669
26756003
20731141
54671008
51111228
50611572
19918891
29636567
99724125
35091177
20730164
46204424
87942497
58022153
76467749
21817124
68209927
32731887
63865263
15503570
12337230
19980426
52754534
46614693
24947399
48140219
25782607
23268424
73495546
71815737
15709751
78889513
94509145
59333484
77396786
98955892
72536842
50820668
32353579
54319128
91730811
41069048
16958299
10454497
79240000
84138037
52557194
96924346
14478252
90764023
24485194
46489001
10299433
47908295
57034572
23231526
52718083
53863968
23645718
58286163
78930318
88240949
64923611
91603598
68520739
49837771
63640869
30016837
91219996
36493895
82760060
86025593
49076091
58982711
66634210
51682398
69944681
20702935
31725182
72203893
93586561
11077908
98039523
47626699
98835884
14757416
52146623
31299474
56260048
69994191
57852311
72839532
17231125
68020668
71078046
66171682
36288571
38528051
55316575
60514212
42568468
19580365
78340396
33971455
74068271
76241179
84122739
80901277
73583531
39281275
75691051
41235716
14232372
95007420
33484429
75723498
13316809
94948122
12549223
86653065
66765482
95247034
53379521
47114128
29390389
73700776
99630887
60381067
57128513
14113516
46666450
44568548
60333781
18708716
64281926
84031488
41995853
11712846
88991605
83304636
46797583
87316259
69885577
78307743
58316816
47551060
50440183
83943567
94476429
81009209
72229883
57486808
57540937
78023049
87516329
10166040
76324877
10102803
94108741
26047835
26879975
33125406
27841377
82906003
99956650
27885150
69792743
42146005
76351148
13891843
60623273
70272860
23557417
81323133
85346488
11509451
96026740
84220050
77445788
59397352
62889024
46690071
62115837
85553542
43007002
28474983
22266614
48325988
77746165
24415291
58855617
41034991
79464922
96230614
28910082
87778510
79195403
93678113
79595909
39900812
83334087
33778857
41668826
44803229
19729929
24308185
16697390
55396508
57943875
51911080
24504014
67650344
88252279
90572805
28652848
47173328
47253976
51880959
22540740
56695597
78904526
25323047
46860654
17961565
21889223
97861801
98801004
24351249
68881124
24446153
48268632
98160239
96031248
90176695
27042524
78983462
38902981
54061985
25556165
32179977
45725506
67271962
45271701
96715516
65800278
69983039
25607196
52668271
21444859
73129541
69427346
82406496
50599470
14184904
38184463
38972268
57213389
26407568
98483144
23890966
21476451
52624974
91541993
73265673
93887934
12598436
11842551
69222963
41633319
85724181
96361753
95290279
55098094
41285198
99250224
12520780
37476614
13559740
52617708
75078154
16947366
82692631
66724280
80277779
31898613
91157834
45319755
61909307
20667032
81298790
41429611
93441633
38684443
41030930
37120794
46591819
50682066
37844669
11443267
90303447
89894496
88970789
53274004
84625614
24674544
74354688
44044027
81581333
82185553
90282322
78444872
50998314
65362089
99957510
27712294
61032130
26553985
43691953
63371666
31588621
79083687
73272532
92264705
29688933
70430350
34196933
77608084
19970136
37692497
18539439
92652720
62541301
57514131
32336686
71467381
39167795
22831683
73756331
91779798
22168597
45059195
26073851
76912223
54672353
90874384
20474084
58856435
72392974
31730348
26751270
38939251
16408117
53237782
68360231
65489480
67981008
82900594
49110984
38379631
14406489
10545894
17791181
27275964
10257956
95130908
19300623
86732477
51179904
36184622
22387591
54551500
55626727
73484074
33816725
18570854
85658055
11383892
64688018
76441273
16197389
93197321
51856596
30869927
99920745
29186652
62622681
18797654
77768096
23196372
18691727
83413485
39268786
49139693
95055335
65508404
71875981
44320325
68044079
95422891
55895085
22965678
28933312
53628581
88000484
90059502
45434561
64748360
41760605
73264771
98094095
26581044
86049010
95597317
17292811
27396645
74282997
70626319
33472186
99401234
25384761
17604765
46044701
62764253
72812477
41388412
26632183
15479497
25806858
10159299
10698911
33526146
20088835
15666770
63481497
42280638
72702570
50882301
44107826
39863003
38227095
60664847
88460331
95586215
87063312
50654835
52526296
73006887
14549556
58106854
88515724
52348886
70814226
30099345
36572428
93967629
88642460
62514064
21298913
18459540
48033732
63284854
88431612
43565035
77752792
18251677
77426467
49630920
36933009
93346397
69363183
25061659
76823674
56180463
57646058
39856272
27543476
19577764
83799386
69747474
59900186
85696008
74095486
79860834
11164162
25726614
92301252
44531973
69179295
34413816
37158633
50590924
41387807
90769439
93736459
38398592
51807860
52112031
42495346
28149240
94849433
66435363
91078814
48265137
54519319
87385050
16938632
52825370
35579005
85294792
27335799
44368875
24252803
43448925
43528031
15047477
66150893
84730068
89272453
98652877
30651742
69895962
82702112
98907890
32721760
38950227
83121601
21974098
91865066
95739429
44678860
12015098
97541130
42712748
72452100
89408297
51717911
83267426
56920618
51190894
44570959
23647963
65334700
92460497
57538659
21109895
51760267
12524169
37453081
60330909
78885702
17048754
97078827
71540763
56979664
45761159
34487938
36974894
52036262
48023704
66230645
23871630
14529718
83853837
91554525
73052922
19205596
79039751
76971773
48338730
50648819
74448166
15504093
51237896
59060321
40734104
93645839
61157335
55043329
64340800
50038423
13379094
98111215
77704891
46948918
41050583
56160139
80605204
77698149
83405292
37694162
29031750
59197912
28094544
47749829
96300313
77250916
58500122
68194376
28722852
11800882
52377710
70169362
41733655
81073952
72454189
71431886
10245473
54519276
44926705
59892972
86401715
81597268
54057576
22975215
92118407
43403976
77580284
16681706
37222192
74557292
95262919
24305721
98267799
79616021
37554507
52968495
29626462
52554361
25345700
93811071
64933115
76723305
87164991
57466240
94506692
41355071
79042717
41583433
49480276
81250462
32427851
44564601
59479192
87486229
54235497
17695419
86739029
79391387
76781075
75127871
65318711
62700134
92599333
69360647
30171790
60043971
49792045
39624296
28016289
58934536
73663440
59239007
39562574
66551504
74883816
91114383
40947546
15551262
92024131
40525995
49151035
33988818
22075663
51422056
40289481
86887843
95776502
62771332
55006381
74942436
19721359
38513546
15370134
79189133
69697920
74887542
37326089
20453063
54801401
38424197
55345939
68127594
35506243
48273838
22186752
46899289
88477156
40943586
35371997
47996089
38867496
80146039
66264556
81589014
98792829
67570164
15399655
57866007
20368780
45034256
69608183
81329167
58757939
31188644
47974520
22040798
15801293
19582283
92850094
41311547
72319653
31013782
38802136
32721070
30891004
66128908
68788407
58387926
88533686
97921605
12946386
78720305
95050297
51873693
82568764
93498509
96629302
45814973
92707607
63974926
14272924
75654188
38131356
63098343
99630437
76133237
58066964
52604754
28416685
55466461
56093454
20419914
52130038
28323987
78959896
46801775
81437300
16956956
31223532
24067757
57278351
78388556
66689678
77669514
52363594
60603778
79130992
81662377
56140257
98654686
93411955
78351330
53395731
18694714
44410819
42510067
44734562
77533016
97191431
62573660
61677525
34787926
69554530
28670993
32389008
75096694
57446512
37243256
56860669
28204601
62327789
22921640
40352428
42053859
58101516
47878987
65231854
51424494
10650603
26986353
19014743
36876915
91389997
28752891
75462492
70940304
57014146
22690694
40841911
56094873
51949869
23124822
33388454
96043235
86521196
61124343
98286471
73216715
71172153
18916440
73204839
91308947
28205393
11713050
98603533
52398329
65450612
29765861
71228204
34626621
85233750
40723549
15434210
83420327
91672967
97451559
27441982
12137559
63717729
62886343
59388906
53715334
61561166
73117852
11965866
77491159
67043827
21210278
87717840
69608109
30670531
84905888
78697922
80615372
65599272
76423060
54846079
91626051
38194810
27062535
45663082
66841223
52142221
72393074
64587283
82725577
44219134
60876121
23355563
22033445
37489100
20691299
37250571
68620863
83877932
36653555
71644701
25876513
68403455
85891124
42915411
66259151
36273565
97963404
76063674
73479838
74107714
86569963
70607156
60125144
59897409
43039553
81250251
55882266
50320841
36093128
49256205
71478297
53781668
18627113
42592076
93959386
74933915
46348206
23436070
71315563
73201069
13723932
24090069
33669735
74471136
46567299
20426145
73365854
91460422
73005404
82158130
11235552
10314624
55197782
69565756
34499213
30238958
41868542
91927602
17942911
40577371
63187573
51258739
19423879
20487319
40968046
96174640
50203342
19737381
82212287
28576491
22981355
43514015
43154305
77592995
50496376
94061447
52671563
27133166
22634397
95207598
54216352
54259765
98355787
91036226
10973595
36057759
11153772
28027206
22566932
17510578
50239380
29167648
43842057
74075916
43071775
88146686
73675570
54380853
43478919
57755568
15505561
79798646
14536765
56941959
38240494
91213980
22911581
21356774
99995701
93626895
19450618
11971650
54928704
88385144
90932623
75593518
33339093
13372642
14494985
65296516
63601145
10745644
84673900
31757820
66371208
72350161
79406198
17193083
69454950
34206073
67472039
46737668
34791341
30586364
85254632
15757666
64533635
67689551
85184420
95456264
33527148
63792206
89917337
46896307
62141789
27150674
37080975
12430224
22092771
93069887
60676989
88583815
67515894
28885528
65050296
64746019
91410501
38977211
21272337
56948106
99754677
66688385
44758377
15235324
40504634
38135211
19679085
39111806
56556443
27102955
23439635
80414349
51089978
55309865
83514879
45346648
97157651
81272862
14680697
18089510
11137730
54352857
27330508
93321468
11057273
59949115
95073385
11130299
98733380
28544946
82209907
12401694
66473707
46353173
19234247
61927384
26548377
28058672
53527908
65347264
33338057
66647459
12819998
73649859
84388871
73188198
73306521
44330253
35085931
78665721
42687449
42102535
27504129
97157308
14290791
89600325
94463841
79595808
70291082
35929979
99209696
19290381
51052374
69211985
56043367
94429876
31629682
42549020
33559628
32241540
61901626
72051838
77172488
74282186
97213249
70886264
61872900
65241227
27471885
90160466
66166110
52667584
98011018
20551042
86726741
11506610
17761455
99414616
58895633
26570279
21846020
80571261
80590000
32873304
54300474
79943560
16215278
16451276
32644996
28422915
84364538
15291928
30067076
19344485
72313606
32254167
55143591
74297883
92676217
76503111
41198712
85570651
36449454
20686460
47381050
62587510
69726879
16063363
73495753
96915383
31715108
72921675
14969353
17956127
83808236
78731504
81957116
70108815
89911286
18372406
51707650
51622322
75590559
82089288
52261747
74762561
99775223
69215285
94803773
53774275
81605010
50814406
10256798
16077543
47753386
57212440
42245416
47295579
22849125
54729563
31213541
37421055
17945076
48260064
33013701
35222476
28500805
24467318
24086100
34576224
42208215
49844090
88879620
28887607
51873179
12000952
61051326
79465099
48723825
54971720
40596989
80101064
83629327
76018469
53184857
54643044
54604396
34023305
54740613
59992371
33625363
87577539
95732650
74986781
18645395
57353804
75457767
34288337
20275817
12418450
61383086
31681994
16719314
94919118
23452361
45729688
44844487
45713052
64048643
57599658
97646224
16119116
84088176
49472908
56486953
51769440
60346740
63351631
30899275
10718941
82300013
30239842
67383075
12375876
36159500
26136035
45581261
54074946
97130488
76383335
64092430
50623843
68740497
66310323
60185445
89496237
76076234
99719428
85960883
19283642
36409236
30122220
20684475
54371538
59753287
21039243
13126023
74916999
93910966
49328928
41053924
88166161
73129977
24844588
37311185
10365719
64339256
21988855
36750982
74501595
58929266
29315760
94487045
71184292
41329288
67013880
95745433
29123787
40338682
56485271
22018410
83182952
68422253
70657341
52929059
68609962
36558899
65530409
20429790
32961983
48069645
36604528
24930703
41258812
74649217
97088312
65664620
95302076
72484745
58004939
21425643
74369675
71606607
56243564
85724317
47724941
31796414
27568263
74918742
63301288
67221372
84950630
37695137
34211232
52058402
15139079
38250055
49982347
46242637
13511697
71659851
44730313
51578513
97313071
64978785
41002522
14381400
27298804
17348614
77391621
62104387
55419299
61087373
97176461
49299322
34224533
55533665
44896883
29010134
23400084
67258863
14249391
85753717
55726714
93800396
46956842
39107209
52324696
15008663
95765015
50743345
83728188
12805143
38364437
23715456
94123306
65795177
57335363
18387295
77466523
37823808
21907458
40216957
23767738
28158804
21412692
55316208
44131248
92567003
75434075
71720357
90190866
56927326
73296382
91189067
74596433
64541832
74612879
21721750
42395268
37434305
18992040
25735294
81467778
51603271
62571845
88477699
11954615
14187237
14845335
77382207
73950559
54679829
49460390
67523361
11611932
52893881
90711820
70899318
45072715
89942904
20890226
84658026
84759692
90506853
81104422
30385428
48577225
90114030
58852585
45805352
55768352
75473539
46661277
57729360
37826723
17427663
38042046
53651896
69029901
72746780
85707554
86597472
85254740
52565392
63105344
64049791
27978899
81523790
68048815
39776584
69062512
42327530
92993729
38394520
80027223
42057328
12344317
89317114
27253539
77280609
79655250
44166621
82612033
98766619
39106846
32506551
72113897
29268800
52771986
47440727
60761412
86710004
57890686
53547083
13832438
20309560
19639936
66471949
96493037
52437723
84258770
32704647
55711724
56868414
87600458
53603590
56508643
25574862
84031024
81906301
86382395
34041822
64449306
40538444
22046244
72222354
68167743
65200467
50459457
82504043
95524760
67484683
29299029
64982656
86262274
68247121
23451458
56036655
84595207
67616631
29140695
81109456
41787734
54926475
70604226
57053610
72493369
76937924
76898656
17556816
33681432
77605689
27347247
68753423
17436442
81612500
41961583
90125026
99151682
77542010
14277686
58557531
51801126
89691511
81494844
42033432
82164757
26109440
98577218
97721634
58770277
34193130
58909098
62159626
99999140
35208443
56980492
99181451
69566632
67753026
78425326
15654330
79291261
51875961
41953367
98986256
79500179
36283652
40207672
93430824
79207596
84975096
41079200
75081008
84878897
58648734
61815922
61211321
72042976
40905279
70152014
30678092
45990837
82956770
36203511
78323568
68963157
74349789
43310351
79290268
63273264
72963551
17906016
61046421
67053961
39106638
40329071
45598123
96379156
52283280
53998324
67253204
24040858
54985658
13449370
95648613
31232879
20826037
93213581
50075023
68713463
30962273
94951348
46088073
15922459
73437564
79401596
64670924
72197137
19061000
97018272
23157618
27721539
81650759
99243839
20947475
80482427
40002976
41645547
19255463
67835657
20106500
76489205
76650835
24819009
17405431
61375697
19330767
35348549
14109134
68216736
52442831
25710100
59774445
90836384
13341017
93059347
53198234
52621489
84927130
37782731
82363768
98675923
61507885
33023281
22568217
25184619
20293014
14790082
75881019
44388253
10721949
54209775
87668125
77403377
29060146
42783237
57764602
41770675
14907298
27285037
94848050
56374979
23924456
67582570
71357680
33923915
98650342
59886946
66187749
76254375
18412294
29662170
97767908
95416360
12847600
87244905
49585045
11894169
47777004
63399172
27006203
20153696
31521099
39649291
11075805
51424354
65384658
84319916
80591918
47719227
33662988
85163705
24904086
90435102
42943652
55298405
10845747
27490961
24808463
93792079
46525902
23752468
74107633
46615842
32195242
22377716
53428574
46478189
64069425
73797979
53879204
80979030
27132261
37734655
11730981
32155338
82804870
13949837
35150344
63395024
96677249
19903947
70701761
33826239
10457899
92471901
33793974
78342910
29611286
61973199
15170685
19286184
94606698
69344476
99310356
31382916
27573071
22480509
49879470
33734192
64140937
95895864
59400110
40726506
83854405
24733186
34521462
86164114
35817057
45720652
87180333
80044321
35049554
21770818
15732496
56280457
75237390
27594616
50226936
85874597
40583075
79101805
63887056
61059156
47869924
68152509
31048176
59437695
83781895
60471395
89878760
22521048
34493229
50178226
82257617
27234075
78804982
32699761
11508610
27917712
90160284
57211860
64950763
86713649
44176262
81630388
25154574
34915921
74032886
17429394
39044894
21386085
99253037
54647855
37174615
82989781
38785026
54908895
41105652
42747064
99442536
83222965
64326931
76226982
13351714
56643881
47584570
23753930
37083675
75419704
75262940
87281286
73785472
69142711
33711722
68720930
85298584
51582452
71300092
15634734
96650513
78847672
56515938
80371932
44383969
72956583
86324281
42089107
11001832
94110174
19651254
60125875
38269402
98103378
23432654
44090278
60302497
97340169
81395149
15902852
45137047
51794216
49708764
88503112
63928529
81085106
67378921
48163750
56757360
69540324
66795934
69346859
37937326
21756967
84981527
41750222
58296149
51376582
17921904
37745108
92162227
13693289
47577912
94263578
57145197
89343285
64684183
66282511
62801519
80818667
21529273
66240432
82642414
50298196
60671804
51476049
31962385
48409827
52362388
92933440
32984469
81741294
64781188
41402458
45413127
14813759
99216000
32975079
57435763
89466214
73354539
74147908
76724735
85316589
22783849
13157424
99329604
35580817
68100924
95640240
25549074
52633132
75877262
15148728
43218261
12157118
91288605
27465463
92203541
80671972
83306352
98175094
53444516
51752596
20631464
22704758
56139054
48005767
19352815
54950901
75099160
46124622
96891665
92648372
88246471
10458540
32494958
30455805
60941545
88836141
17460225
59370236
55624775
57589120
97419512
48112920
38902542
72638615
24187844
91390132
37238389
51843115
15228275
94914682
31816454
96700312
71609501
80539836
63401897
26804130
32065045
51753358
21380450
69647928
35925226
64491889
60261934
76728114
71866266
49504221
44986321
37955724
55105392
17177811
96556314
56671091
38873372
83948216
84867372
30567994
61336397
25998775
72912049
86466363
76222260
16188510
18831902
12533447
86516244
65770125
29395132
53485169
46951021
15571243
84528760
99990836
10077218
91103061
27506741
24473923
66566279
50007648
32828812
70960972
24843410
61510989
47169805
95369610
88592539
78052501
92014709
61144650
79718172
14754942
65994447
54036468
41797055
13105954
35938028
43975268
99137374
78715544
66511139
92345549
55827014
65679734
55938014
22766013
49979098
90848398
54868836
35761990
52199968
73035268
91809626
76021181
91674793
53143793
33555168
88792661
10701256
57965150
38895273
59155152
87251917
42916772
77713035
66063200
57302476
37894318
47806186
84543358
67070098
65909376
23850345
86301789
99735515
76728397
74278468
28837733
21386038
28603303
47346430
54858977
17601438
26998704
43073109
50509618
82340093
15582131
82780498
44641423
12010780
11877732
38098701
69154937
39615105
62138327
45698529
95819419
34319093
32962581
38158888
45261650
30491414
57230188
22269976
40953024
85119258
64428243
89770565
24410630
50988814
80066813
74200922
31406478
43709977
90573401
35433583
87327650
80317220
86411715
39861817
71270962
12626839
28711126
95611005
80294949
88243525
40592286
15830080
65358743
48481901
47420846
90476118
74340710
40763072
95024023
90452155
20518605
62352019
22862958
40127412
18167315
93567317
85025030
85143311
74937370
97189075
20431228
65256296
66368186
37785551
79107078
92686954
86136772
37481498
50710470
37341395
32612837
90921316
46284799
21902961
41029895
88142281
28608212
47142027
86716880
15616614
47688707
68688874
74876710
53259785
63191328
20339930
76186883
48999656
70169676
46144816
74634460
66474293
88511380
20553028
92699506
29959219
65758032
70123717
59713724
45204803
45563148
44019393
95102920
51132362
70113133
63137733
66814977
42024554
54179946
67530698
95991558
37907294
83235658
46928669
50568522
25393786
87592244
60378707
61962739
19235993
77385458
25624910
25380600
71556578
85024611
48466235
17536325
23461427
63648259
79297420
65449313
28387434
75672562
68119973
12803722
64330534
24538107
19151388
37438618
58512865
89158138
62519858
65117330
70574695
62321218
69431241
69374392
90969936
38222858
63071911
37529568
16601627
62898897
83064002
18447614
45097040
58068913
19037235
37901239
79901027
77566676
41897927
31640749
96295764
43833266
75932064
19467801
39551423
33396452
18504606
25948500
21104563
18634505
70733778
46179470
96693360
46568386
67239093
88287856
37747220
98777398
64748727
81811972
13132100
76382500
36825443
65541547
49326110
30233053
29232323
78348742
29160576
57404703
51332918
89466968
83452543
98231539
53336920
29531891
30948276
23998762
27109535
64489031
83079823
21057708
69459691
27392461
66400612
42983544
82520144
92878338
94850610
35870791
34211398
32538422
10748686
19598057
33931566
21495129
61787901
81080519
25222357
17449467
57407426
72226049
79962463
56424000
82504825
26595355
25917613
19509649
49080987
97193939
74931286
68972794
22425839
63538093
69574015
59610437
52899146
55356830
74172019
31893200
90001547
47010576
45612866
77871296
49164668
62785098
69553810
18801712
42406264
31731164
67362917
80812586
56690598
45778533
91033542
17094300
40757280
54701020
22057847
92420094
95156191
57303732
67102244
45230472
82856873
83561203
88944973
19368324
69519745
44489044
73370002
75906702
86453529
60280863
61966997
32182978
89555999
76580253
25862623
31606356
68014357
54540018
49629671
58104844
65862560
27151006
33624991
45769652
12496032
92014953
35581029
78446515
15609827
65279337
69920332
72887384
88659674
21591460
12323834
49846648
41036121
65053554
33216689
35923308
20524904
98243084
34275268
20966970
10919874
68210521
71749695
47184114
29455859
25147500
46118148
22942434
29930203
67249278
42111237
21238877
74866344
90154320
99722972
81578275
34570551
91821387
85036628
90104452
75031836
33632916
92627966
60344134
30117185
12679991
62451742
55387137
10387299
67466929
41795276
75570447
53074451
18389905
71596873
41681091
16682832
41029135
13411701
91838406
82270288
50543786
85673552
91183114
35518146
30890895
60215426
31064883
29481543
46236871
33413456
56029197
46028164
64222449
77126898
63586333
93349905
61502962
58330095
62527077
26080053
65629325
32990287
79049206
44651473
64618052
80560157
18995247
72475538
31168303
38894497
70212531
67639449
89177456
63489020
72527628
90463963
17650410
28184391
86231301
46178816
99131228
17144407
45571990
45554007
12296118
58003184
16544379
42073061
64785524
75964552
34053090
65683614
21508835
60898455
80412893
41976119
67266344
14947379
76943195
51739451
78010396
32329141
40660892
62422412
44726837
78301759
85174791
44858356
73570083
40885536
59657742
89517399
20016579
98568865
67715809
80313782
59449434
89377755
60310250
34560814
99738405
98467714
90058477
27431191
27104567
63294509
98283510
57728755
69192431
35746932
88492513
50612054
91790771
17688434
34663610
52755156
56876106
81180769
47783657
58974053
19854494
33423266
61165202
14800038
18489705
55267850
32516075
80572526
83098347
56244321
48221732
22293579
44832137
56507461
54239037
97036626
51090158
37008955
99116280
90842500
99773190
72901466
92699584
68443677
93286722
22024321
95605951
63837084
71093420
99349475
16656633
80827759
18023010
74360319
29959310
61783414
41629292
60157654
81038861
97624847
35325954
14680933
97126420
25336699
37611247
22488760
99026461
16237133
26044498
45612674
20025418
72999958
94469842
39759219
16032507
81036802
56202835
96482208
17872815
18577020
93422813
97051658
81886140
10183254
74669345
12297985
78086607
23558529
89472940
39460257
92386360
39334397
33795113
38691242
44550319
14541192
86101681
11729651
15169362
17184751
84292480
78343138
50231973
61990296
59655917
46790740
91507000
70327132
29100305
41928254
85968820
35212194
84205681
46695511
80219714
15644309
41234309
64299740
89040506
10777766
21287439
56078021
33319656
55371549
79385646
65691404
70911033
82418471
23156327
63995259
75425631
68456959
95156439
98698439
45464418
70595167
32487261
68012792
27616530
52615060
46070126
80401476
51166201
43080447
81794373
36840130
53935786
66320302
65244814
30443894
32050005
86919608
31721659
57944840
46485329
58553165
71560376
93299675
11176882
45916047
66068778
77880943
99368270
13573170
38470875
66987462
48881421
54558019
73526932
69714096
48719723
14770153
49043106
14020579
45875287
62273115
56577247
30259345
98064253
68965170
46422232
81486197
61663850
64612266
24286067
59577064
45052057
79195357
12766497
24714543
44857061
13372271
51648487
66182779
78360393
25295680
14322580
97101505
91563839
99866610
22882689
94788122
13821802
67969978
16296992
39752110
88441451
71998486
98465783
18321046
23749010
68914149
79533979
55006067
30892546
51315636
60847029
17931675
29853261
78821356
79223066
78142428
11588969
98194404
61481756
92284664
40138132
49071862
50084852
10051561
66940031
94892029
68498804
56216496
43990482
10194629
26730741
12881798
32750898
64915168
68253540
64529511
44492715
71625921
45412387
10144093
81918271
67360417
54398671
90591531
92262655
54794395
53765629
13335708
16320268
73913107
83446434
36837572
41354543
67410170
15522015
90316060
37381527
34215634
14139817
68399687
29943740
94188780
31874012
16272166
93148248
47534000
54247777
54689157
58911832
93081968
93725430
28988840
88723326
80377261
37212356
38160058
86930587
70225321
89181883
86598919
58963402
24824822
82510121
48653173
59774083
20047886
70534565
54891417
59855006
69113862
22135482
79159700
76575486
66466801
85101409
51900461
61500363
82368969
46901626
12496777
16864428
37566574
50088805
21825489
25866796
11029011
72221289
76500917
84207036
44021863
95998035
76770922
51453818
39407736
90618059
96310050
56788280
28846192
42156824
36685710
41743462
68675064
53597963
66924263
75009783
67276942
19550766
26295664
41883017
28266348
16144206
23814851
30404807
56474907
24742636
59222721
72657258
14262900
87831883
61136018
61294700
46818328
41334357
85325308
39123159
47428602
79405313
40406448
91881247
96264988
25640899
60413453
18758765
41676914
49857477
66959892
78039246
19089570
54760930
76219455
81426276
96620542
86416326
84279443
40550901
28174077
55959768
44034294
69680471
19333429
64942526
46538554
36859129
73805883
30728724
25513598
11954384
92997762
59414346
85080829
43931493
87202866
21683424
41778219
67936490
70531537
78295552
87971587
13198925
82997825
64858862
55006373
16140611
19806273
65519600
98701810
45502187
50854569
73840453
45063945
68566843
25007502
59081361
79545499
22402248
80362102
68035565
90911745
94797903
19909948
99857761
56878938
57340671
49552132
78783721
63468054
72443750
16319728
78271451
17830608
75825784
28484110
69200184
51833854
31177987
93345524
85429429
43376479
73757076
50435482
48958867
43460013
31092063
87768814
13068072
95559518
10959964
34624796
34924172
13207554
87671487
60923870
83985429
14525854
92968544
49665710
80210774
67527411
38920271
18025863
63219834
27586109
98600594
26573058
90674416
25502560
39741244
83071230
54630123
62477824
76160802
72438162
55807357
70380581
50034990
91952998
55898664
94200007
81568731
11754847
34685102
87837390
86418758
13418885
25730664
17216644
19465734
19088570
27465406
10130966
75004030
49491729
17064188
48342592
49670713
36057551
57967488
91427833
40816883
23512646
99039609
23963168
60262746
56204222
37516724
27529375
17085376
66999769
29808135
64041555
44220786
96774738
66021489
56249890
64851295
48292765
65202332
86188864
71970698
47632739
68292609
99740543
15473605
14546233
66130180
14445492
23352368
24687114
12759458
38650065
49448730
96768642
52368394
74194017
83531558
65703668
14488135
36122835
46294386
46275875
22215607
49604066
57022787
48445030
47462110
58093880
72456076
69880556
11887907
58092210
53860774
22202460
10838968
99184143
67592904
55550417
58783881
55144843
86175924
88419215
67918525
40191570
47484552
85534390
65891986
65973561
37590194
54376983
65510596
53809800
38853801
83093545
61908454
30516526
78221931
20035627
91356234
74049340
87858068
68462021
50827886
43775521
83323643
33765534
52242607
41736093
71138972
44478072
68703189
17467538
42039993
78258189
58608323
22145087
61159223
19918880
74317371
45682688
83502743
39364610
55998238
83351911
56946460
12204962
29266473
13404687
86780504
62972616
46664334
99339146
83048337
31957428
24614194
30719561
36323461
25156881
55351447
92767305
10740351
52937413
71941791
53960543
53218148
47085354
95107543
21040460
83162473
35766831
96858648
97063834
63467968
52191675
86552654
19107502
54526786
65709679
18577906
16521205
85001622
84680280
59445478
96026038
21792386
62559140
41374719
18260665
44322611
56440241
15628996
74586549
11333538
53881959
72388342
76808260
25009450
54670215
78710323
67451898
26537461
82232518
15147812
15208127
59014891
95338706
73774429
30333723
54748339
72992307
48192066
62243734
64766700
64840329
20365277
66611586
51111967
41541634
97371683
95820659
92472609
19989200
55258049
92108204
62622280
57094494
68714594
83371949
94232243
21727544
33021500
15918425
15934969
22304529
92582702
97258467
86969923
17818962
36287616
96622122
69190597
77117908
15201687
44120292
72267418
88369846
42419791
62325932
68093018
87333017
50723502
66853000
28890495
72840780
32619796
94755870
86049098
47094697
38595396
65310029
21760231
87797086
81147081
39397093
80897627
80725662
51329868
27775158
37092323
36391226
41828147
56275042
53410705
21938441
92113894
87238835
51335368
41896364
25571208
45438671
45021133
51265440
15574441
89951602
63032721
83743410
80074112
20733876
76133444
37913668
66437588
31517975
46423747
23241021
36061883
30204299
17580996
84292914
62019063
64924391
53550478
44966162
69926974
22451297
87036183
49263498
44002563
71545496
78317542
36030400
42265269
35601323
27911567
63400683
69743146
26113627
56664505
96356686
91564369
96834097
79207376
35250795
82880572
79366019
35850826
91795258
13857034
55204125
23874636
53041910
13946166
10831790
77401082
18877021
67896805
41948644
94371049
84619674
76761529
94594779
59832376
26360132
57069711
18380164
48114255
90713243
32117414
57305054
32984821
91147499
74386711
74574601
82827298
92349250
50214154
39962981
77661104
57035593
44911431
87643895
48119439
23698687
33018740
48305527
67470900
36608698
99908834
71415120
13468256
73862646
85513649
79444224
45665828
57005410
43405629
28603232
66880377
36874716
45337713
11609185
44391390
14452183
78004520
54353657
53416078
89912461
10760478
97143907
15391692
50698697
52779828
81758677
48784510
18806226
88693266
35103709
80277750
68572708
19220978
47735910
22442997
37989235
57816697
18745542
12976191
18255817
52254063
53648899
81212140
12921353
21708659
14037006
14290260
53772446
34938320
52515298
49692797
52805219
56886584
62663452
76947728
25952447
67667884
79165159
64901681
19112192
40693674
23225026
29325492
18907249
34888943
37308694
25767324
62299691
78778807
28502891
20679560
45179090
27771178
55917320
68563038
76013394
25092940
45626799
13905945
33187897
15029495
52962289
47549507
70229292
80615345
97171696
79542145
92849993
56606266
40943859
98732219
15255539
32652316
94886390
22359800
76877317
55083580
36680987
53525121
41745447
66227448
77225870
84433298
30630150
53216289
21195597
47931224
80935497
38049348
52879108
90752848
15746031
51780865
85467504
87256684
68632292
16245200
26230063
24252334
46763227
69102993
53235155
97792231
87715273
44674309
66144285
52615463
28134725
16101093
15237187
28610530
89873925
95178005
48602985
34058723
39513437
48556856
24119043
66423581
31248507
81769269
67597482
79316118
75597928
44193145
29274518
48616265
82804933
23029673
50637218
69958983
48088650
94643096
73510038
17474592
45076175
89350836
14068000
88059495
55749298
10082314
12164758
13270213
68659144
72672736
14517398
39111038
70689421
75473505
20644419
65725055
30635569
79740285
37977793
33428320
87056568
95622518
67946157
99661136
28433464
49327881
67476030
51573897
65111778
23755848
57222920
27850792
28230007
31118590
73448031
55933331
18008445
71878383
65657677
11351543
31037411
94335653
20858246
64982832
79654561
33812684
61554698
47415096
13580741
47983817
79438044
23478621
43120952
78688472
56070673
23892499
89348612
33438866
96886756
32042354
54747281
98231910
53338384
51948694
97483745
91655769
56221007
18103026
60871998
32653296
22038846
65499228
44050195
92280970
22017453
59564601
50633360
51383712
47824531
93390319
35035677
11978303
95891527
27725605
56285670
84609595
32630473
93636259
94382429
96837814
43761199
38533118
42840251
85850253
47593585
94061492
92854352
18149394
64229066
14100027
30304672
33465300
88644964
59997127
29509046
55388386
50765082
25518124
23189592
81401243
22993242
77715718
64909431
28641508
75736124
92059397
19230552
88228288
16532465
89316007
69491259
80683717
46193354
10655156
48331218
18614965
43919936
39740683
33174070
17198065
36374264
35405007
34897187
17820815
76707423
22567383
80730177
15370112
49066821
53345239
15949485
41234278
85081319
87317056
95011977
98648530
97586080
95713228
62224968
61323685
44632770
99584193
36112442
94216632
36550072
28509073
46804277
83838364
10181200
46447552
19625128
68774587
16094762
18461518
46465574
45659701
48113056
16162666
12491694
92485480
89367127
94858306
86796358
82804972
12057500
96731082
15127307
49042564
16778108
64232383
95804397
55763643
79659474
69176956
93522377
41054477
10411828
81465004
63323340
59045180
79281791
35018729
54968919
15270767
16376648
97209863
40953329
37921549
94226436
72388709
15006316
44139960
94275399
73565290
99738248
11777046
52683200
18860050
91351872
36402510
19241454
15847271
89905497
21454947
85772353
23033556
69709172
48103188
31862240
56349273
58825136
35471929
30671505
40044495
74788150
53553195
38476516
11460213
34737378
30655149
97243481
28538875
15044496
28866132
15547673
81055472
18565540
30931703
71029219
85209988
90050158
82135611
24452910
46545509
62373328
64245190
93341898
53894461
61648442
84275027
24647859
37042124
14208735
54026447
26902129
67174385
72166596
80747928
96299917
88952198
36399678
76402630
58791893
91196358
80912619
14623561
29866933
88088355
32540611
12510589
83934389
94970102
97666534
27225976
34119716
52491929
17433158
78916811
80750227
68655563
86721898
96908940
36029010
53240664
33830813
57724447
26202742
78118342
35207894
42167904
36495059
84110055
94087688
29449363
37421803
83954140
65704947
45157691
17379536
56982342
12943133
53718987
66147813
77728212
24552993
17896727
95409897
53969651
89230474
37023543
42828107
46386187
49983355
42518098
82093497
15954636
11438147
43156630
19713254
51337592
87488049
77401510
49074532
36548331
53961687
86392277
59619770
69203606
73362238
23823817
85471311
52863421
74999282
69875146
77995818
84125021
89265019
99516445
40083990
38174106
94722715
14985379
78538446
33301054
58847640
97393261
96874892
92358055
71247952
57556494
92933934
74788936
69938640
76110151
73265758
67846863
89746911
59844095
54242604
69752038
22466801
51774606
60192277
84649785
26036667
34492151
92559921
39984216
76016987
60606141
14768784
44511747
61893963
14057737
45427874
23418767
90291488
90855734
73807993
77253216
27442699
97704478
86901755
94477866
92712227
90532997
87928623
31568313
22963874
41810731
39900435
57600373
77496598
35238197
53870909
42589738
64309728
85492562
40234813
60773555
30374511
61602055
33399540
12279997
41106522
11656567
19510759
86196237
87010322
61664191
68570304
52591709
48158213
76146891
38004567
20327250
90560397
18475328
15985051
86077779
69535478
38520026
48498388
41843173
63011358
87574973
76623003
51622859
53306417
90372893
90195872
59988451
40661528
55378875
53830358
47222491
80644003
26256435
26796180
22857724
58930582
71268324
83567137
61085742
43164645
59058858
18170226
94888949
81281793
58993753
87299844
36882449
45129457
19544998
51519297
40927878
44091057
51863034
70034681
97518409
84169172
18144738
96925165
81807372
62367573
47967150
62891487
11102593
11318652
20943971
94366902
39411708
34926603
86070611
93456061
84393894
47942574
40635991
32884314
66441732
33130608
13049779
57594453
22587068
24428212
15524386
40983141
63423106
77721573
95026212
70937913
15398426
64197129
23975858
40545801
61776716
40412990
61431666
87904252
79172554
69054031
25477159
92934012
79348176
10701987
23028093
97472825
51092524
26420566
34488171
57497853
73056592
36222947
18852029
97047795
77219748
37625406
97548191
64090841
88755333
12614254
17019706
16260421
87713508
77242195
51680652
24989945
51505652
56393617
53803916
84027870
53767119
29201795
30613418
33118793
31432418
49733866
28757576
69019415
11337677
49595821
56805054
24650343
27978554
75074920
34811993
64884399
24920909
34898355
86498840
19919368
73406953
90317224
26428342
31157993
27329450
78523509
22126224
75456623
12699108
52302065
46553973
45410296
29678800
95080337
87662753
63643537
86948816
50021043
20241827
12958341
26629772
90898041
29522311
26656221
57944682
27901251
30728041
20623525
42556566
64225444
58316373
90966837
35697773
81954935
95590607
95031958
68067638
53189396
48876570
60412055
23916841
23526117
95050622
11023942
71540690
57142834
21037497
69405519
26077520
67904979
48375439
95303166
24065511
21731807
67100602
88588317
37055541
28211327
13761373
59774113
90845969
10195969
64024337
30345213
18184009
98414525
80299382
87103671
69117545
49772071
56550577
24762866
61785097
22341282
21937557
38895577
61152595
49398297
81823088
66186924
25678178
33699361
70455300
45705164
49251516
46437354
69978423
21846486
81379457
88852579
20470342
45865303
80273627
23586758
90426817
79275582
76985999
77930522
47008977
62911355
19855965
64682036
86087459
40299786
11857743
96247649
29811276
54054799
12112547
24024329
76552843
88412694
56530388
57301214
18943168
78804747
50544189
99576748
34619797
35101792
88128140
30021387
85387298
47445308
91286054
28370598
32464169
62914932
23461459
61577728
52054461
73831644
14922374
66361959
88143378
